310 155511 5555155511

18. 226, 36. 227, 8. 238, 5151111 Donati Gellius 102, 25 (Prisc. l, 259, 23)
codices 227, 29 Gesta Pontificum 187, 29
355,1211. 77, 34 611516155193,24
357, 5 165, 16 (1155655198, 12
357,8 138,13 Grammatioi 26, 31. 77, 27. 105, 32133,
372, 25 62, 1 8. 135, 24. 167, 6. 190, 1. 242, 1851519.
372, 26 62, 10 243, 25111519. 254, 14 marm: posteri
372, 27 63, 21 grammatici 166, 28
372, 28 62, 5 Grammaticus 67, 19. 84, 32. 87, 22. 1011.
372, 29 63, 28 4. 102, 1. 104, 6. 105, 32
373, 2 143, 13 Gregorius 181, 23. 184, 19
373,10 65,14
374, 17 115, 6 Hieronymus 93, 15. 121, 15. 175, 30. 176,
374, 18 76, 33 1.182,13. 151 185, 15. 187,13. 32;
’ 374, 19 int 15Μ5111155551172,9; 15 epistolarumunrr
374, 23 192, 12 5551551179, 19
375, 18 83, 8 Hilarius 198, 9
375, 21 83,14 . 35155155151155115155515111992
375, 22 83. 23 Horatius 8, 2. 97,1, 102, 22. 193,12. 172,
375, 27 106, 6 1. 186, 25. 236, 17 adn. 246, 22 51511
376, 24 84, 23 adnot. 51519111298, 3. 25
377,3 85,13 1155111155118, 14 (Prisc. 1, 270, 8)
377, 25 88, 30 1111155 133, 7
377,26 9319 , 1555111115515560,20.115,11.118,34.
378, 30 126, 24 164,1851111.171,4.16; 174, l. 181,
379,7 125,7 13183,1.13.15.20;205,10.15;
379, 23 133, 27 209, 3. 224, 24. 227, 3. 5. l. 17. 19,
379, 26 135, 17 24; 237, 5 marg.. ins. 249, 28
380, 22 140, 25 incerti scriptores 13. 24. 15, 22. 16, 3. 21,
380, 30 137, 10 19. 32, 21. 33, 26. 27; 96, 25. 118,· 23.
385,16 169, 28 122, 34. 150, 23. 25; 175, 2. 177, 32.
386,1 154, 36 184,(1. 7; 199, 9. 216, 31. 226, 17. 230,
387,18 63, 4 31. 36, 231, 10. 265, 26
11555155 Vergilii commentator 180, 28 1555555655 popu in epistola quam rescrip-
115551115 praetorius iu apologitico 201, 8 511 Africanis episeopis contra haeresim
111111.9515611174,11;155555511111551515187,
Donatus nescio quis 201, 4 14
1511151115 62, 8 (0111115. 1,6, 1)
11155515υεί55151115111115115151555187,4 62, 14 ((1.1, 6, l)
Ennius 81,1 (91155. Ι, 97, 8) 63, 1.2 (1.1, 6,2)
’94, 10 (911551 199, 4) 6333 (1, 1, 6, 3)
94, 2911111151. (2(1. l, 6,5 5)
102, 27 (Ρ1155 1 260, 3) 82, 2.5(Ο. Ι, 6, 33)
112, 5 91155.1,171,11) 82, 25 ((1. l, 6, 33)
119, 29 91155.1,278,16) , 83, 16 (0. Ι, 6, 34)
122, 16 (11155 l, 281, 9) 86, 27; 87, 13 ((1. l, 6, 35)
Eutex 7, 2. 12, 4.10; l3, 11'. 14, 26. 17, 88, 27 ((1. l, 6, 43)
11. 20, 10. 21, 10. 333 22, 13. 15, 16; 140, 24. 175, 6
26, 13. 21;, 33, 13. 35, 4. 1555511115 217, 20. 258, 26. 264, 30 ado.
Eurinus 73, 29 (11. 452, 5 11.) 15555555 179, 8. 186, 28

Felix 131, 30 Laberius 98, 33 (91155. 1, 200, 9);
11115555 134, 10 109, 3 (911551, 200, 9)
Flauianus 197, 24. 25. 28; (1551515555 51 Laeuius 133,2 (91155,1,242, 13)
Flauianus 133, 30 Liuius 123, 28 (91155, l, 214, 4)
Flauius 107, 2511111151. Lucanus 104, 25. 113, 39. 127, 22. 295, .
'Fortunatus 175, 25. 14. 27; 304, 26

inienuus 115 imbecillitate Titanorum 201, 6
(199111161136 19911601 15511155 103, 10 (91155.,1 260, 20); 196,
(15151156551113,2251111. 271999919 ²03 191
(1119611311, 196 11 19. 199 7 200 19 1515151155127,27(91155.,1 211, 20)
(15111555 136, 19
(15155155184, 8 1151115555 264, 8

 

