364

INDEX LIBRI GRAMMATIOVS.

115253, 18. 254, 2, 151- 55 551 1151 9, 22. 12, 18, 5155115 11, 29

1155 55515551151115 253,
15, unde 111515 253, 5

1555155551111 200, 15. 257,
10, unde 111515 254, 28

meditamina 5, 23. 7, 9. 17.
8, 7. 152555. 28. 12,
31, 48, 23. 152, 8. 207,
32, quartae 5551555115-
1111253, 17, unde 111115
252, 39

55511550, 1. 21. 208, 32,
quid 111 205, 5, unde
51515 254, 22, 11551111,
553

55111155555155 unde 111515
25529

5115515549, 32. 50,17. 153,
34. 35154, 2. 7. 208,
25511115 51515 254, 21,
1155115. 52,9

55115515 5, 24. 7, 24. 8, 5.
18. 13,1. 38, 25. 48, 23.
95, 24. 152, 9. 13, 207,
31, 5151115111 55111555·
11511155 253, 17, unde
111515 252, 37

primitius 7, 25. 8, 21. 11,
19, primae coniuga-
1151115 15, 30-17, 17

1151515115 52, 5

1151511111ιὶ55 207, 17
5515505115 115 51551 15,
28, primae 551111155-
1151111 34, 18-22

555 5151151 1528

5111511531

5115151

55 5155115 28. 29, 3938,
8. 15-24

(155111511528 -

551151 15 5518, 13. 21. 24.
27 seq. 1218, 1527.
29,19.23,33,17.20.21

go 51 gor 15, 28

55 51 1151 15, 23

1559

15551 ior 9, 23. 10, 30.
31. 11, 4. 10. 19. 21.
mammam
20. 24, 33, 185551·
55515551551111515115,29

15 51151 1529

155 51 1115115, 29

55 5111511529

· 551527
51210, 37
555 5151151 15, 30

,po 9, 19, 55 51551 15, 29
quo 51 quor 15, 30
15 51151 15, 30
55 51551 15, 30
15 51151 15, 30
15151151

15, 27 , ,151 coniunctas
litteras 1530
mmffiQss
xo 51 xor 1531
zo 15, 31
551551 51, 5, u. 551551111-
dus 15, 9
5511 11511155 115, 33
5511155 11523
5511515117, 15
551155 115, 23
1151111155 5551115 148, 5
115151 515 uersus 128, 8

5515115 12528, 5. 5515155155

5511511 uerticis 119, 10. 12,
5551511271, 34

55115 5511511 74, 25

5515127,7

5515111 5111515 quo differant
20518

551515 515 151551120520

uerum 11111511 184, 28, 555.
184, 29

uexillum 70, 33

555551 50, 28

555551 quid 511 178, 25

11555515 55111511 178, 32

555551155 5555515555 29, 8.

5555515 11555515 555551
5555551151 55551555 inter
55 erem ,

uespere 55111 111 178, 29

uesperi 54,5

uesperum quid 511 178, 30

† 1155511189, 15

1155151 137, 27. 28. 149, 34,
5. 1155111 101, 15

11551155 uestigium 74, 5

uestimentum 41, 29

uestimentum 1111511511 47, 12

uestimentum 51 555115 quo
diff. 279, 22

55511517, 17. 51, 17 5115.,
5. 5551155155159, 23

uestis seminarum 47, 14

uestra 9530

5551155 1354425

5555555151 1151 5551111551
115 dicatur 2051

111515 157, 20

11515181,1

5515155, 5155 antiqui

551515 70, 25

1151115 5515115 118, 25, 129,
29, 11. 1151115155 59, 13,
115, 2, u. 1151111115 70, 15,
5. 55151111115581, 1

· uetus 51 uetustus quo diff.

280, 3
erns 121, 28
111541,10.51,1751111. 95, 22

5155 515 5155 94, 10

515151 11, 29, 5. 5151111115,
10, 51515155 5111. 298, 14.
300, 13

5155551555 quid 511 24512
51111515.

11155111 5155 89, 27. 241, 5

uicies 187, 18

51511155 51 1155115 quo 515.
283, 18

uictrix 51111. 301, 7

515155 125, 28

51555 85, 1

uida 197, 9

51551551 51115155 1111111151 197,

5111511551 57, 20. 159, 5

511155 230, 12

511155 49, 19. 50, 13, 5111551

uideo 1115151115 15, 11

uidere 55551515 515. quo diff.
279, 5

5155515551 515555 197, 7

uigil 112, 15, u. uigiio 14,8

1115115 49, 11, u. 51311583

111115 unissimus 81, 10

51115 511115 5155151214, 13

5111511170, 32

515155 42, 19. 112, 30

5155 43, 29. 47, 25

515515 5155515111 74, 10

511155 5111515253, 11

5155515541,25.71,11.1958

5155551515155 51111. 300, 15

uindex 119, 15

uindex 51 111151 quo diff. 283,

51511155 50, 14, 1111151551 50,
18, quid 51511. 295, 11

5151115111 quid 511295, 11

51111111 51111. 299, 17. 301,5

5155541, 10. 51, 17 51115 95,
15, u. 1111151551 59, 22

uinum 43, 27, 85, 4, 5155
85, 5

515 11, 28

51515511 5151511115 98, 12

511 32, 9. 101, 27. 117, 20,
5. 5111 99, 22. 30, u. 5111-
115 07, 28, 111555. 82, 35

511 1115115182, 31, 511 uita
124, 24

511 51 masenius 555 diff.
28518

111155 51 uirtutes 555 diff.

5112885311, 11

5115111115 11115155 222, 4

Virgilius 104, 33, V. poeta
153, 4. 154,5

Virgilius ii 15 ium i 90, 3,

 

