⁹ 100011110011110111000. 339

iuuentus 129, 22 lambo 80, 15 ’110110 75, 11. 110, 2, lectionis
iuxta 56, 6. 14 lamen 42, 20 110, 15
iuxta secundum 11001 {dem lana 11010 laniones 257, 23 1001110 31, 23. 48, 24. 152,
0001215, 15 1100011110111110011110011171. 3. 16. 206, 21. 207, 35.
interminata nentina 119,17. 282, 18 253, 6. 16
lanugo, 1011 110, 17 10010101 orta. 298,14.300, 13
K, , lanx 110010 121, 23 leonum 11010 210, 28
, , 1111111329 lecturio 48, 23. 152, 3. 9;
1001119130· 125, 81 ew ns uris ,101 et nr anu 10111101, 1. 11
4101101041· 3161111 1111111111 neturus 1011
‘Imm [1111441404 49· laser 114, 6 lectus 10011 128, 30; 1111157,
1419 74017740 71741 ⁸⁶ 1111010010.192,23 10
mem 444174 lapis 86, 1, 117, 171 1, 11111- legam 11110118, 18
1717111114 84, 33· 444, 341 cula 71, 5; 1. ianiculum legatus 11 010101 qao diff.
1111·11101011.11101.241,.8 1931 1335
11101001010100000 0101101110.11,11.101, legendus 1011 ·
(1771494 4441 35 13 sem, 192, 24 1131101156,7;1. 10310101 156,
1711044114 11101110111001 129,1 24; 1. lecturus 156, 15ς
1117711180 224, 34 110100001101001169,27. 113001- legendus 37, 4;
44414 417· 37 laruae 1. 1110011000 248, 33 1, 10113001 166, 24
“⁰²² 4477994774 408136·“ marn. 1030101101110011111287, 10
²⁴2² , 10011111 “ 113111010110,18;1110111
ww 1111100 1141 uuo 001 11, 10. 11, 1; ι, ,1 29
’1474412430 1111171711 14· 431 41- 741 1031001 dilectus qao diff.
11711111 4, 14 · 25; 11100 laterna 35, 3 133 1
1010111341 1. 1110111114, 20 13811111, 190² 5

L· 1111110244,12;101“110’1244, 1030 48, 15. 23. 49, 24. 50,

111111101ιά1001111110 304, 7. 14 1415014111 15413-131
. ffiffi‘qmodosmm 111101101101111198,3 Ι 252, 381 1. lngus 153, 5.
301131) 1101011 110300 0111111 10101 10.19;1.10300121,25;

1111012131 (111001011111111110110225, l. 110101 73, 25

l apud Latinos liquescens 12 48804801140760111170451114
224, 13 Latini 1011110111ἰωί 225, 10, 1,,,10 neglego 131ι 1331· 1,,,01
0001031110111114, 15 md? 11719111 154, 1; 1103001 163, 24;
11501101111000111 177, 10 1471111141 1971 41· 41151 47 l. 1481101ῐὸ154, 141 l· legno
0111111,10.10οο1ο1111 nunnus 10100110 101, 110
110834. 107,23; 11101014, 16, , 113010010131110111011110
1100111101-10 1000111100 134117 0111110101.
Lacedaemona 274, 20 1114101711 11111111 221, 30 1030 10 208, 23
1110111111011111000011000111·Ι 11770 1101 8, 1· 1111749117Ιῦ 1030150,19;1.1030111153, 11
11111 11116 0010111111 11314
lacesso 181130 1411011101· 16, ¹ 1101161, 11 adn.
11101111,111011.111,11 latu? 118, 11. 114. 381 ¹· 01111, annena 124, 20
1101 120, 6. 7 (111170 441 47 1001 100111 121, 29
lanae 120, 9 1111717111 41, 43 ’ 110110011ἰο 121, 30
lactea 120, 15 1111117711 11 124, 17 10010100 1101010110113, 27;
netu 1111101111 110. 11 1111101149 L. 0110111 11, 11
Ι100044,12α1111. 61, 17 adn. 1471174110 741 10 100 leaena 101, 26. 144. 40·
125, 29; l. lacunar 68, 12. 1001110001 11011011111175, 17 239, 41 1. laena 68, 17
69, 27 11011101 a um 55, 28 110 109. 35; lenuis 110, 12
11001 laci 1100111111. 192, 20; 11011049, 12. 50, 14 lepos 117, 32
lacus lacus fem. 192, 22 Lauinia 1100 165, 10 111101 118,2;1.10110111 118, 3
1111011110149, 32 1100 49, 12; 1. lanas 11011 lepus 10111110010170, 12
laesi 100110 110, 34 255, 25; Ι. natiuae! depo· letum 46, 30· 85, 1
laesum 110111110 75, 8 1100101255, 23 10011 101, 27
lamus 105,3 11001 aetina 11 0110010111 1001161, 17 adn. 111, 27
laetans — lactandus 57, 7 255, 23 ¹ 1001101· 55, 19
laeti 11111111 98, 7 11010101110101 1101113282, Leuius 69, 30
Ι111111168,21; 1010111131,18 21 1100 49, 12
11011111111011111131,16 laureolum 70, 32 lex 10310 119, 12. 224, 14;
notities quid 111 131, 18 110101103,29.105,12. 126,7 1. lego 14, 22
11010 30, 6 1000110110 120, 24 11110011ὺί10 74,2
11010150,5. 26 111 non 00011002394 1161147,7.100,7;1.1111110
1100110114. 294, 10 11011 100110 68, 30 24, 281 1. libellus 70, 19;

22*

 

