11.
INDEX LIBRI GRAMMATIOVS.

————

Α, abnndantia· 61111. 298, 33. 16666611 61111. 297, 14 ,
300, 26 1661666111 135, 3. 8. 9. 15.

Α litterae 6111116116 302,1. 16116611 61111. 300, 26 161, 30; quid 1161611111
305, 30; quomodo some· abundo 60, 27 135,10; 1. 61111161 136,
tur 307, 20; 611116111116- abyssus deci. 103, 26; quem 13: 1166661616 66166-
166161611 89, 14. 97, 30; accentum 166661 177, 4; 1111616124, 26. 32, 61 16-
1 6166116166,26; 16116 61111. 299,7 6166611661 genem 64, 26,
,1661666116 6, 29ς 1 161 6 66 67, 18. 169, 4; 61111. 293, ⁸01⁴. accedentia
6616161666227,6;1161116 19 16616 pro 16616 297,1
189, 7; 1111011616 189,10 16 61 169, 8 16616616 166616 6161611 qno

611116116161116661 224, 7 accedentia 64, 26 diff. 279, 4

11161166661161,6166116161116 16666166 nomen 126, 28 accipiter 40, 15; 1661611111

1 116116 16161616, uide nd- 16661111116111611166229,10- 40, 16
6611111 230, 17 166611 96, 13

11666161161 hortandi 168, 0 16666116 61661616 161 y de 16111116 61111. 296, 20

11116666,66-18.616,1 616611111616111111116177,5. 16661611111166111. 291,10, “

Ι61166 39, 8, 113, 27 182, 18; 16111 6161116111- 297, 14. 299, 33
1111611697, 18 bis 11111116 182,18; on· 1661661610. 297, 14
161661116 48, 24 6666 6, 4; 61161161161116 4, 16616111 accusatio 110. 36
16166 11116116 106, 22. 18231 9. 26. 28. 5, 23. 6,3; 661· accusatione 616116 86, 31. 87.
111111 oreb. 298, 33. 300, 26 mo 4, 1. 10. 5, 12, 6, 11; 6. 10. 17-32. 88, 9. 15.
161116 116116 6611161111 18, 30 grauis 3, 34. 4, 7; accen· cs. 61616
1111111116 6166611116 611116 ms nominum 176, 35- 16616116161111.297,26.300,
aboletus 16166611166180,11. 177,12; 66611611610116- 8
13 eornm 182, 19; nominum 166666 idest ogo 87, 23. 291
abominor 61, 3 Latinorum possessiuorum 193, 18
Abraham 93, 26, 164, 6; 10111616661161161661182, 166116611161111 80, 33; o.
Abrahae 93, 28 23ς 166661116 1166616 dna- 16116 1616 114,17;1.1611-
111166111111116 61 1666611116 11666111111666661611111611- 1661111 68,28
quo diff. 185, 26 616 184, 27; 16666116 dis· 11661161 86, 3
161661166616111, 11111166- 616116616 611161 6611161116 Achates 97, 21; ,1116111111
16161 1111616116 190, 7; o. imen- 132,4
1116611166 11166161 296, 27 1661166661218, 18. 26691 Α61111166 116, 28. 13229.
abscondet ortd. 300, 27 praepositionumnominibus 144, 6
1116111611. 69,3; 1116 166661111661184,31;16- 16166 46,2.61,176611.131.
1116666266,16 6661116161·1161·116111116661- 11; 16161 130,27;61111.
1116616111 611116 161,12 iis 6, 10; 16 1616666611- 297, 27
abstineo 111166 61 111161 611116 11611, longo paenultima 1616616161611161 71, 29;
173, 7 176, 36; 16 11111611 16111111 1616666116616166111161 611-
obsum 63,11 adn. 190,1 gno quo diff. 285,5
166166661166111111111,666 166661161111. 297, 14 1161116 1611 172,17
6661166 16616166 nomen 61 6611161- 1616161166 78, 32;66111611-

11116616 116111 6611111161, 6161126316 monia 98, 27
uide 6616161 1666166 661 accersio 186, 31. 16111 161666 68, 32. 111, 61

abundanter 56, 20 297 , 2 161161 nie et 6666 78,28.29

 

