1111180 Lumo LAvoITORvM. 313

Aeneidos 'IV, 596 202,15 711, 524 227,15
7, 10 268, 17 711, 787 213, 22
7, 189 224, 21 VIII, 77 104, 27
7, 301 80,1 VIII, 168 2387 ,
7, 451 87, 6 VIII, 459 182, 5
V, 606 101, 32 VIII, 616 170, 24
V, 823 158, 1 VIII, 648 99, 13, 132, 20
71, 1 276, 7 IX, 26 94, 30. 99, 9
71, 110 181, 12. 186, 31 111, 194 181, 10
71, 121 181, 11 IX, 203 178, 17
71, 179 170, 17 IX, 514 217, 18. 265,1
71, 187 181, 21 11, 394 72, 12. 268, 20
71, 203 264, 35 X, 536 265, 18
71, 304 79, 32. 233, 28 X, 668 304, 21
71, 323 147, 24 111, 7 305, 27
71, 412 216, 21 111, 126 173, 9
71, 514 179,7 XI, 174 205, 14. 248, 30
71, 592 157, 30 111, 383 188, 4
71, 791 212, 5 XII, 161-169 269, 2-6
71, 792 203, 27 , 1111, 354 220, 7
71, 831 262, 27 XII, 584 173, 29
71, 838 72, 12 1111, 770 238,4
71, 843 132, 8 1111, 883 265, 17
711,14 112, 35 VerrIus 120, 14 (PrIsv. I, 212, 16)
711, 261 31,9 VIpIanus 81,17 (Prisc. 1, 97, 18)
711382 105, 20. 238,18 Vulcianus de Imbecillimte Tuscorum 201,8
ηενρ. 20 adnot.

 

